10.040
5.040
15.040
25.040
20.030
10.040
10.030
3.040
10.040
15.030
900.030
900.040
900.060
900.040
900.050
900.040
900.030
900.040
900.040
900.040
792.790
900.040
900.040
900.040
900.040
900.040
900.030
900.040
900.040
900.040
900.050
900.040
900.040
900.040
900.040
12.040
10.030
5.040
10.040
600.050
600.040
600.040
600.040
4.030
6.030
12.030
24.030
48.030
96.030
182.030
6.030
12.030
24.030
48.030
96.030
182.030
10.030
10.030
10.040
3.040
5.030
10.030
30.040
15.030
10.030
60.030
900.030
900.040
900.040
900.040
900.040
600.050
600.040
600.040
600.040
600.050
900.050
900.030
900.040
900.040
900.060
900.040
900.040
900.050
900.040
900.060
900.040
900.040
900.040
900.050
900.040
900.040
900.040
600.040
600.030
600.040
600.040
900.050
15.040
15.050
10.040
20.040
5.040
5.030
5.030
6.040
25.030
20.040
20.040
30.040
8.040
900.050
900.040
900.030
900.040
900.050
900.040
900.040
900.030
900.040
900.040
900.040
900.040
600.040
600.040
600.030
600.040
600.040
600.040
600.040
900.070
900.050
900.110
600.040
600.040
600.050
900.040
900.040
900.040
900.040
600.040
600.040
600.040
900.040
900.030
900.040
17.040
25.040
19.040
30.040
10.040
10.040
5.040
5.040
3.040
3.050
5.040
25.040
15.040
6.030
20.030
10.040
5.030
4.040
3.040
10.030
900.040
900.040
900.040
900.040
900.040
900.030
900.050
600.040
900.070
900.040
600.040
600.040
600.050
600.050
873.590
193.540
900.050
600.040
600.040
600.040
900.050
900.040
900.040
600.040
600.040
600.060
600.050
900.040
900.040
900.050
600.040
600.040
600.040
5.040
15.040
15.030
3.040
15.040
15.030
15.030
15.030
19.030
10.040
15.040
35.040
5.050
9.040
3.040
30.040
3.040
4.040
20.030
30.040
30.040
60.040
5.030
10.040
900.050
600.040
900.070
600.060
900.040
900.040
600.040
900.050
900.050
3.040
15.040
60.050
900.040
900.050
900.040
900.040
900.070
900.050
900.060
900.050
900.050
900.060
900.050
900.040
900.050
15.040
30.040
5.040
30.040
900.040
900.050
900.040
600.050
600.050
600.060
600.040
600.050
445.300
60.040
15.040
5.040
60.040
10.040
