15.060
20.050
5.040
9.070
20.050
30.050
900.040
900.050
900.060
900.050
900.040
900.040
900.050
900.050
900.060
900.060
900.050
900.050
900.040
900.050
900.050
900.040
501.050
500.050
500.060
500.050
500.060
500.060
500.050
900.050
900.060
900.040
900.050
900.050
900.050
900.060
900.060
900.060
900.040
5.040
10.060
40.050
20.050
6.060
4.040
10.040
5.040
5.050
2.310
20.050
10.050
20.060
36.820
900.040
900.050
900.060
900.070
900.050
900.050
900.050
900.070
900.050
900.050
900.060
900.050
900.050
600.060
600.050
600.050
600.050
600.050
600.060
900.060
900.050
900.060
900.050
900.060
900.050
900.060
450.050
450.070
2.310
7.050
14.050
25.050
6.050
6.050
5.040
7.050
7.050
10.050
5.040
10.060
20.050
30.560
30.040
15.050
7.060
5.040
5.050
450.050
900.060
900.060
82.800
72.370
62.330
100.050
900.060
900.050
900.070
900.050
900.050
900.050
900.060
450.050
450.060
450.060
450.050
450.050
450.070
900.060
218.050
200.060
900.050
900.050
900.070
900.050
900.050
450.050
450.060
450.050
450.060
450.070
675.060
675.060
675.060
1800.050
1800.060
900.060
900.050
900.080
900.060
900.060
900.060
900.060
900.050
900.050
