       757.59618       503.52465      
       2002.9844       633.99722      
       1768.4023       654.72956      
       3217.3949       635.39253      
       3120.4599       674.98777      
       928.90691       727.17874      
       1713.6725       667.70868      
       2989.1238       642.62750      
       1478.6051       767.97700      
       1833.6357       804.47600      
       3325.1293       888.22562      
       2747.3170       878.07829      
       343.67508       923.53958      
       1254.6424       1017.3659      
       1596.6566       1146.9214      
       554.99478       1169.4110      
       450.98347       1137.6653      
       3722.5785       1222.0447      
       1038.4531       1241.9344      
       2112.4280       1379.9399      
       3528.4406       1431.3341      
       1115.5407       1456.8570      
       3611.5440       1473.0876      
       635.07516       1531.2504      
       3457.4418       1543.8145      
       2207.8162       1737.1692      
       2274.2057       1738.3636      
       2678.4202       1698.0174      
       1200.8771       1842.1989      
       2614.2496       1949.6698      
       2529.3384       1935.1070      
       771.55876       2067.7491      
       1406.7504       2175.9117      
       2367.1340       2159.7395      
       711.78695       2217.7861      
       1993.7140       2393.9158      
       2906.7706       2407.1991      
       1478.7129       2463.2205      
       408.98580       2513.0846      
       3406.0157       2561.7065      
       2988.2915       2588.7564      
       3050.1186       2653.5991      
       1706.2510       2578.6032      
       2470.2670       2717.6360      
       1556.5004       2779.5725      
       3115.3963       2782.2439      
       1298.3293       2810.6411      
       3769.8170       2764.8928      
       3275.6601       2832.1023      
       1615.5326       2881.3465      
       1892.4840       2857.3598      
       562.41923       2964.6165      
       2803.7009       3024.8647      
       969.26223       3145.9911      
       626.72642       3178.4314      
       3480.2630       3241.2587      
       2251.0431       3452.0518      
       1219.8841       3377.2306      
       2123.5189       3446.9642      
       876.14899       3420.5465      
       2561.6957       3705.6700      
       2394.6731       3709.8761      
       4920.1973       927.02617     s
       4182.7436       3750.7818     s
       166.99197       4102.7028      
       4100.1113       944.67589      
       4578.9536       1849.1009      
       4329.0244       2325.0809      
       4036.8093       2671.3021      
      -318.71022       1368.1553      
      -66.883281       970.56672      
      -454.22422       1710.9587      
      -387.62044       2310.7129      
      -117.66178       3219.7358      
       5488.6701       1929.1961      
      -1379.3690       2049.4554      
       5465.6521       1763.2704      
      -1362.8173       1882.8385      
       5472.0824       2095.7894      
      -1356.3406       2215.3535      
       5442.5352       1597.3993      
      -1346.1887       1716.2730      
       5455.4509       2262.4099      
      -1333.2435       2381.2768      
       5419.3415       1431.4767      
      -1329.4614       1549.6529      
       5438.7753       2429.0313      
      -1310.1022       2547.1994      
       5396.1200       1265.5547      
      -1312.6823       1383.0321      
       5421.9587       2595.6022      
      -1286.7981       2713.0661      
       5372.7520       1099.7144      
      -1295.8016       1216.4885      
       5405.0741       2762.1743      
      -1263.4499       2878.9323      
