Output image    : /n/Godiva7/jkrick/galfit/multiexp/junk.fits 

 devauc   : (196.31, 195.99)   19.85   13.79   0.83    31.42   0.00  
              (0.00, 0.00)      0.00    0.03    0.00    0.03    0.00  
 devauc   : (203.97, 203.80)   20.34   10.66   0.18    21.27   0.00  
              (0.00, 0.00)      0.00    0.02    0.00    0.01    0.00  
 devauc   : (168.19, 207.88)   25.84   0.01    0.01    76.57   0.00  
              (0.00, 0.00)      0.03    0.00    0.00    0.00    0.00  
 devauc   : (229.86, 186.99)   25.29   0.01    0.01    17.14   0.00  
              (0.00, 0.00)      0.00    0.00    0.00    0.00    0.00  
 devauc   : (140.64, 168.48)   25.11   0.00    0.06    86.48   0.00  
              (274.90, 81.95)      209.35  0.41    3914.59  212711.66  0.00  
 devauc   : (195.22, 203.57)   21.98   6.38    0.04    -72.90  0.00  
              (0.04, 0.01)      0.02    0.37    0.00    0.17    0.00  
 sky      : [101.00, 101.00]   4.01    1.25e-05   8.18e-06
                                0.00    4.62e-07   4.62e-07
 Chi^2 = 0.334,  ndof = 40362
 Chi^2/nu = 0.000 

-----------------------------------------------------------------------------
