717.74 4038.28 717.74 4038.28
1846.54 4081.97 1846.54 4081.97
2642.28 3359.22 2642.28 3359.22
2763.53 3463.03 2763.53 3463.03
1256.78 3293.09 1256.78 3293.09
1369.05 3365.59 1369.05 3365.59
1977.94 3146.99 1977.94 3146.99
1057.45 2989.88 1057.45 2989.88
1226.01 2940.68 1226.01 2940.68
2084.31 2929.58 2084.31 2929.58
  57.98 2699.39  57.98 2699.39
1013.42 2342.49 1013.42 2342.49
1133.48 2262.09 1133.48 2262.09
 805.46  967.44  805.46 967.44
2198.66 1385.74 2198.66 1385.74
1520.03  686.54 1520.03 686.54

