      11      11
  4.83432e-16  2.76156e-13  3.84900e-11  1.30893e-09  1.08606e-08  2.19871e-08
  1.08606e-08  1.30893e-09  3.84900e-11  2.76156e-13  4.83432e-16
  2.76156e-13  1.57752e-10  2.19871e-08  7.47711e-07  6.20403e-06  1.25599e-05
  6.20403e-06  7.47711e-07  2.19871e-08  1.57752e-10  2.76156e-13
  3.84900e-11  2.19871e-08  3.06451e-06  0.000104214  0.000864703   0.00175057
  0.000864703  0.000104214  3.06451e-06  2.19871e-08  3.84900e-11
  1.30893e-09  7.47711e-07  0.000104214   0.00354400    0.0294058    0.0595315
    0.0294058   0.00354400  0.000104214  7.47711e-07  1.30893e-09
  1.08606e-08  6.20403e-06  0.000864703    0.0294058     0.243991     0.493954
     0.243991    0.0294058  0.000864703  6.20403e-06  1.08606e-08
  2.19871e-08  1.25599e-05   0.00175057    0.0595315     0.493954      1.00000
     0.493954    0.0595315   0.00175057  1.25599e-05  2.19871e-08
  1.08606e-08  6.20403e-06  0.000864703    0.0294058     0.243991     0.493954
     0.243991    0.0294058  0.000864703  6.20403e-06  1.08606e-08
  1.30893e-09  7.47711e-07  0.000104214   0.00354400    0.0294058    0.0595315
    0.0294058   0.00354400  0.000104214  7.47711e-07  1.30893e-09
  3.84900e-11  2.19871e-08  3.06451e-06  0.000104214  0.000864703   0.00175057
  0.000864703  0.000104214  3.06451e-06  2.19871e-08  3.84900e-11
  2.76156e-13  1.57752e-10  2.19871e-08  7.47711e-07  6.20403e-06  1.25599e-05
  6.20403e-06  7.47711e-07  2.19871e-08  1.57752e-10  2.76156e-13
  4.83432e-16  2.76156e-13  3.84900e-11  1.30893e-09  1.08606e-08  2.19871e-08
  1.08606e-08  1.30893e-09  3.84900e-11  2.76156e-13  4.83432e-16
