      11      11
  3.77773e-16  2.25595e-13  3.25474e-11  1.13447e-09  9.55345e-09  1.94364e-08
  9.55345e-09  1.13447e-09  3.25474e-11  2.25595e-13  3.77773e-16
  2.25595e-13  1.34719e-10  1.94364e-08  6.77473e-07  5.70503e-06  1.16068e-05
  5.70503e-06  6.77473e-07  1.94364e-08  1.34719e-10  2.25595e-13
  3.25474e-11  1.94364e-08  2.80416e-06  9.77417e-05  0.000823088   0.00167456
  0.000823088  9.77417e-05  2.80416e-06  1.94364e-08  3.25474e-11
  1.13447e-09  6.77473e-07  9.77417e-05   0.00340688    0.0286895    0.0583685
    0.0286895   0.00340688  9.77417e-05  6.77473e-07  1.13447e-09
  9.55345e-09  5.70503e-06  0.000823088    0.0286895     0.241596     0.491524
     0.241596    0.0286895  0.000823088  5.70503e-06  9.55345e-09
  1.94364e-08  1.16068e-05   0.00167456    0.0583685     0.491524      1.00000
     0.491524    0.0583685   0.00167456  1.16068e-05  1.94364e-08
  9.55345e-09  5.70503e-06  0.000823088    0.0286895     0.241596     0.491524
     0.241596    0.0286895  0.000823088  5.70503e-06  9.55345e-09
  1.13447e-09  6.77473e-07  9.77417e-05   0.00340688    0.0286895    0.0583685
    0.0286895   0.00340688  9.77417e-05  6.77473e-07  1.13447e-09
  3.25474e-11  1.94364e-08  2.80416e-06  9.77417e-05  0.000823088   0.00167456
  0.000823088  9.77417e-05  2.80416e-06  1.94364e-08  3.25474e-11
  2.25595e-13  1.34719e-10  1.94364e-08  6.77473e-07  5.70503e-06  1.16068e-05
  5.70503e-06  6.77473e-07  1.94364e-08  1.34719e-10  2.25595e-13
  3.77773e-16  2.25595e-13  3.25474e-11  1.13447e-09  9.55345e-09  1.94364e-08
  9.55345e-09  1.13447e-09  3.25474e-11  2.25595e-13  3.77773e-16
