      11      11
  1.57864e-15  7.28771e-13  8.60660e-11  2.60018e-09  2.00959e-08  3.97321e-08
  2.00959e-08  2.60018e-09  8.60660e-11  7.28771e-13  1.57864e-15
  7.28771e-13  3.36434e-10  3.97321e-08  1.20036e-06  9.27717e-06  1.83421e-05
  9.27717e-06  1.20036e-06  3.97321e-08  3.36434e-10  7.28771e-13
  8.60660e-11  3.97321e-08  4.69225e-06  0.000141760   0.00109561   0.00216616
   0.00109561  0.000141760  4.69225e-06  3.97321e-08  8.60660e-11
  2.60018e-09  1.20036e-06  0.000141760   0.00428277    0.0331000    0.0654429
    0.0331000   0.00428277  0.000141760  1.20036e-06  2.60018e-09
  2.00959e-08  9.27717e-06   0.00109561    0.0331000     0.255818     0.505785
     0.255818    0.0331000   0.00109561  9.27717e-06  2.00959e-08
  3.97321e-08  1.83421e-05   0.00216616    0.0654429     0.505785      1.00000
     0.505785    0.0654429   0.00216616  1.83421e-05  3.97321e-08
  2.00959e-08  9.27717e-06   0.00109561    0.0331000     0.255818     0.505785
     0.255818    0.0331000   0.00109561  9.27717e-06  2.00959e-08
  2.60018e-09  1.20036e-06  0.000141760   0.00428277    0.0331000    0.0654429
    0.0331000   0.00428277  0.000141760  1.20036e-06  2.60018e-09
  8.60660e-11  3.97321e-08  4.69225e-06  0.000141760   0.00109561   0.00216616
   0.00109561  0.000141760  4.69225e-06  3.97321e-08  8.60660e-11
  7.28771e-13  3.36434e-10  3.97321e-08  1.20036e-06  9.27717e-06  1.83421e-05
  9.27717e-06  1.20036e-06  3.97321e-08  3.36434e-10  7.28771e-13
  1.57864e-15  7.28771e-13  8.60660e-11  2.60018e-09  2.00959e-08  3.97321e-08
  2.00959e-08  2.60018e-09  8.60660e-11  7.28771e-13  1.57864e-15
