      11      11
  1.26648e-13  2.65540e-11  1.69733e-09  3.30755e-08  1.96495e-07  3.55876e-07
  1.96495e-07  3.30755e-08  1.69733e-09  2.65540e-11  1.26648e-13
  2.65540e-11  5.56753e-09  3.55876e-07  6.93488e-06  4.11987e-05  7.46158e-05
  4.11987e-05  6.93488e-06  3.55876e-07  5.56753e-09  2.65540e-11
  1.69733e-09  3.55876e-07  2.27476e-05  0.000443277   0.00263342   0.00476944
   0.00263342  0.000443277  2.27476e-05  3.55876e-07  1.69733e-09
  3.30755e-08  6.93488e-06  0.000443277   0.00863805    0.0513168    0.0929411
    0.0513168   0.00863805  0.000443277  6.93488e-06  3.30755e-08
  1.96495e-07  4.11987e-05   0.00263342    0.0513168     0.304862     0.552143
     0.304862    0.0513168   0.00263342  4.11987e-05  1.96495e-07
  3.55876e-07  7.46158e-05   0.00476944    0.0929411     0.552143      1.00000
     0.552143    0.0929411   0.00476944  7.46158e-05  3.55876e-07
  1.96495e-07  4.11987e-05   0.00263342    0.0513168     0.304862     0.552143
     0.304862    0.0513168   0.00263342  4.11987e-05  1.96495e-07
  3.30755e-08  6.93488e-06  0.000443277   0.00863805    0.0513168    0.0929411
    0.0513168   0.00863805  0.000443277  6.93488e-06  3.30755e-08
  1.69733e-09  3.55876e-07  2.27476e-05  0.000443277   0.00263342   0.00476944
   0.00263342  0.000443277  2.27476e-05  3.55876e-07  1.69733e-09
  2.65540e-11  5.56753e-09  3.55876e-07  6.93488e-06  4.11987e-05  7.46158e-05
  4.11987e-05  6.93488e-06  3.55876e-07  5.56753e-09  2.65540e-11
  1.26648e-13  2.65540e-11  1.69733e-09  3.30755e-08  1.96495e-07  3.55876e-07
  1.96495e-07  3.30755e-08  1.69733e-09  2.65540e-11  1.26648e-13
